for XX in 133 134 135 136 137 138 139 140 141 142 ; do
cat <<EOFF
	( ${XX}01 , 1.22 , 1.45 , 5.666676 , 6.822221 , 92.1112221 ),
	( ${XX}06 , 1.9922 , 1.45 , 5.666676 , 6.888881 , 92.1112221 ),
	( ${XX}12 , 1.9322 , 1.45 , 5.666676 , 6.888881 , 92.2000221 ),
	( ${XX}21 , 1.22 , 1.45 , 5.666676 , 6.822221 , 92.1512221 ),
	( ${XX}26 , 1.9922 , 1.45 , 5.666676 , 7.888881 , 91.1312221 ),
	( ${XX}32 , 1.9322 , 1.55 , 6.666676 , 6.588881 , 92.2000221 ),
	( ${XX}41 , 1.22 , 1.45 , 5.666676 , 6.822221 , 92.1112221 ),
	( ${XX}46 , 1.9922 , 1.45 , 5.666676 , 6.788881 , 92.1112221 ),
	( ${XX}52 , 1.9322 , 1.45 , 5.666676 , 6.888881 , 92.2000221 ),
	( ${XX}61 , 1.22 , 1.45 , 5.666676 , 6.822221 , 92.1512221 ),
	( ${XX}66 , 1.9022 , 1.45 , 5.666676 , 7.988881 , 91.1312221 ),
	( ${XX}72 , 1.9122 , 1.55 , 6.686676 , 6.888881 , 92.2000221 ),
	( ${XX}81 , 1.29 , 1.45 , 5.666676 , 6.822221 , 92.1512221 ),
	( ${XX}86 , 1.9922 , 1.45 , 5.666676 , 7.088881 , 91.1312221 ),
	( ${XX}92 , 1.9522 , 1.55 , 6.666676 , 6.888881 , 92.2000221 ),
EOFF
done
